0.000000 1.238086
0.061850 1.268598
0.123700 1.237863
0.185550 1.269054
0.247400 1.237150
0.309251 1.270060
0.371101 1.235795
0.432951 1.271850
0.494801 1.233438
0.556651 1.274978
0.618501 1.229205
0.680351 1.280900
0.742201 1.220487
0.804051 1.294802
0.865901 1.195119
0.927752 1.355318
0.989602 0.828746
1.051452 -0.087300
1.113302 0.046410
1.175152 -0.030177
1.237002 0.021611
1.298852 -0.016336
1.360702 0.012755
1.422552 -0.010154
1.484403 0.008167
1.546253 -0.006583
1.608103 0.005278
1.669953 -0.004167
1.731803 0.003195
1.793653 -0.002321
1.855503 0.001513
1.917353 -0.000747
-1.979203 0.000000
-1.917353 -0.000747
-1.855503 0.001513
-1.793653 -0.002321
-1.731803 0.003195
-1.669953 -0.004167
-1.608103 0.005278
-1.546253 -0.006583
-1.484403 0.008167
-1.422552 -0.010154
-1.360702 0.012755
-1.298852 -0.016336
-1.237002 0.021611
-1.175152 -0.030177
-1.113302 0.046410
-1.051452 -0.087300
-0.989602 0.828746
-0.927752 1.355318
-0.865901 1.195119
-0.804051 1.294802
-0.742201 1.220487
-0.680351 1.280900
-0.618501 1.229205
-0.556651 1.274978
-0.494801 1.233438
-0.432951 1.271850
-0.371101 1.235795
-0.309251 1.270060
-0.247400 1.237150
-0.185550 1.269054
-0.123700 1.237863
-0.061850 1.268598
