0.000000 1.238087
0.061850 1.268599
0.123700 1.237864
0.185550 1.269056
0.247400 1.237151
0.309250 1.270061
0.371100 1.235796
0.432950 1.271852
0.494800 1.233439
0.556650 1.274980
0.618500 1.229206
0.680350 1.280901
0.742201 1.220489
0.804051 1.294803
0.865901 1.195120
0.927751 1.355319
0.989601 0.828746
1.051451 -0.087300
1.113301 0.046410
1.175151 -0.030177
1.237001 0.021611
1.298851 -0.016336
1.360701 0.012755
1.422551 -0.010155
1.484401 0.008166
1.546251 -0.006584
1.608101 0.005278
1.669951 -0.004168
1.731801 0.003195
1.793651 -0.002321
1.855501 0.001513
-2.041051 0.000747
1.979201 0.000000
-1.917351 -0.000747
-1.855501 0.001513
-1.793651 -0.002321
-1.731801 0.003195
-1.669951 -0.004168
-1.608101 0.005278
-1.546251 -0.006584
-1.484401 0.008166
-1.422551 -0.010155
-1.360701 0.012755
-1.298851 -0.016336
-1.237001 0.021611
-1.175151 -0.030177
-1.113301 0.046410
-1.051451 -0.087300
-0.989601 0.828746
-0.927751 1.355319
-0.865901 1.195120
-0.804051 1.294803
-0.742201 1.220489
-0.680350 1.280901
-0.618500 1.229206
-0.556650 1.274980
-0.494800 1.233439
-0.432950 1.271852
-0.371100 1.235796
-0.309250 1.270061
-0.247400 1.237151
-0.185550 1.269056
-0.123700 1.237864
-0.061850 1.268599
