-50.000000
-48.412698
-46.825397
-45.238095
-43.650794
-42.063492
-40.476190
-38.888889
-37.301587
-35.714286
-34.126984
-32.539683
-30.952381
-29.365079
-27.777778
-26.190476
-24.603175
-23.015873
-21.428571
-19.841270
-18.253968
-16.666667
-15.079365
-13.492063
-11.904762
-10.317460
-8.730159
-7.142857
-5.555556
-3.968254
-2.380952
-0.793651
0.793651
2.380952
3.968254
5.555556
7.142857
8.730159
10.317460
11.904762
13.492063
15.079365
16.666667
18.253968
19.841270
21.428571
23.015873
24.603175
26.190476
27.777778
29.365079
30.952381
32.539683
34.126984
35.714286
37.301587
38.888889
40.476190
42.063492
43.650794
45.238095
46.825397
48.412698
50.000000
