0.000000  1.237171 
0.062341  1.269519 
0.124682  1.236922 
0.187023  1.270029 
0.249364  1.236126 
0.311705  1.271154 
0.374046  1.234607 
0.436387  1.273164 
0.498728  1.231956 
0.561069  1.276689 
0.623410  1.227174 
0.685751  1.283394 
0.748092  1.217280 
0.810433  1.299216 
0.872774  1.188305 
0.935115  1.368953 
0.997456  0.673391 
1.059797  -0.106833 
1.122138  0.056222 
1.184479  -0.037082 
1.246820  0.027161 
1.309161  -0.021134 
1.371502  0.017103 
1.433843  -0.014227 
1.496184  0.012078 
1.558524  -0.010415 
1.620865  0.009093 
1.683206  -0.008018 
1.745547  0.007129 
1.807888  -0.006382 
1.870229  0.005747 
1.932570  -0.005200 
1.994911  0.004726 
2.057252  -0.004310 
2.119593  0.003943 
2.181934  -0.003616 
2.244275  0.003324 
2.306616  -0.003061 
2.368957  0.002824 
2.431298  -0.002608 
2.493639  0.002411 
2.555980  -0.002229 
2.618321  0.002063 
2.680662  -0.001909 
2.743003  0.001766 
2.805344  -0.001632 
2.867685  0.001507 
2.930026  -0.001390 
2.992367  0.001280 
3.054708  -0.001175 
3.117049  0.001076 
3.179390  -0.000982 
3.241731  0.000892 
3.304072  -0.000806 
3.366413  0.000723 
3.428754  -0.000643 
3.491095  0.000566 
3.553436  -0.000490 
3.615777  0.000417 
3.678118  -0.000345 
3.740459  0.000275 
3.802800  -0.000205 
3.865141  0.000136 
3.927482  -0.000068 
-3.989823  -0.000000 
-3.927482  -0.000068 
-3.865141  0.000136 
-3.802800  -0.000205 
-3.740459  0.000275 
-3.678118  -0.000345 
-3.615777  0.000417 
-3.553436  -0.000490 
-3.491095  0.000566 
-3.428754  -0.000643 
-3.366413  0.000723 
-3.304072  -0.000806 
-3.241731  0.000892 
-3.179390  -0.000982 
-3.117049  0.001076 
-3.054708  -0.001175 
-2.992367  0.001280 
-2.930026  -0.001390 
-2.867685  0.001507 
-2.805344  -0.001632 
-2.743003  0.001766 
-2.680662  -0.001909 
-2.618321  0.002063 
-2.555980  -0.002229 
-2.493639  0.002411 
-2.431298  -0.002608 
-2.368957  0.002824 
-2.306616  -0.003061 
-2.244275  0.003324 
-2.181934  -0.003616 
-2.119593  0.003943 
-2.057252  -0.004310 
-1.994911  0.004726 
-1.932570  -0.005200 
-1.870229  0.005747 
-1.807888  -0.006382 
-1.745547  0.007129 
-1.683206  -0.008018 
-1.620865  0.009093 
-1.558524  -0.010415 
-1.496184  0.012078 
-1.433843  -0.014227 
-1.371502  0.017103 
-1.309161  -0.021134 
-1.246820  0.027161 
-1.184479  -0.037082 
-1.122138  0.056222 
-1.059797  -0.106833 
-0.997456  0.673391 
-0.935115  1.368953 
-0.872774  1.188305 
-0.810433  1.299216 
-0.748092  1.217280 
-0.685751  1.283394 
-0.623410  1.227174 
-0.561069  1.276689 
-0.498728  1.231956 
-0.436387  1.273164 
-0.374046  1.234607 
-0.311705  1.271154 
-0.249364  1.236126 
-0.187023  1.270029 
-0.124682  1.236922 
-0.062341  1.269519 
