0.000000 0.707106
0.309251 0.690401
0.618502 0.642614
0.927753 0.570207
1.237003 0.482334
1.546254 0.388952
1.855505 0.299004
2.164756 0.219125
2.474007 0.153087
2.783258 0.101957
3.092508 0.064734
3.401759 0.039181
3.711010 0.022608
4.020261 0.012436
4.329512 0.006521
4.638763 0.003260
4.948013 0.001553
5.257264 0.000706
5.566515 0.000306
5.875766 0.000126
6.185017 0.000050
6.494268 0.000018
6.803518 0.000007
7.112769 0.000002
7.422020 0.000001
7.731271 0.000000
8.040522 -0.000000
8.349773 -0.000000
8.659023 -0.000000
8.968274 -0.000000
9.277525 -0.000000
-10.205278 0.000000
9.896027 0.000000
-9.586776 -0.000000
-9.277525 -0.000000
-8.968274 -0.000000
-8.659023 -0.000000
-8.349773 -0.000000
-8.040522 -0.000000
-7.731271 0.000000
-7.422020 0.000001
-7.112769 0.000002
-6.803518 0.000007
-6.494268 0.000018
-6.185017 0.000050
-5.875766 0.000126
-5.566515 0.000306
-5.257264 0.000706
-4.948013 0.001553
-4.638763 0.003260
-4.329512 0.006521
-4.020261 0.012436
-3.711010 0.022608
-3.401759 0.039181
-3.092508 0.064734
-2.783258 0.101957
-2.474007 0.153087
-2.164756 0.219125
-1.855505 0.299004
-1.546254 0.388952
-1.237003 0.482334
-0.927753 0.570207
-0.618502 0.642614
-0.309251 0.690401
