-10.000000
-9.682540
-9.365079
-9.047619
-8.730159
-8.412698
-8.095238
-7.777778
-7.460317
-7.142857
-6.825397
-6.507937
-6.190476
-5.873016
-5.555556
-5.238095
-4.920635
-4.603175
-4.285714
-3.968254
-3.650794
-3.333333
-3.015873
-2.698413
-2.380952
-2.063492
-1.746032
-1.428571
-1.111111
-0.793651
-0.476190
-0.158730
0.158730
0.476190
0.793651
1.111111
1.428571
1.746032
2.063492
2.380952
2.698413
3.015873
3.333333
3.650794
3.968254
4.285714
4.603175
4.920635
5.238095
5.555556
5.873016
6.190476
6.507937
6.825397
7.142857
7.460317
7.777778
8.095238
8.412698
8.730159
9.047619
9.365079
9.682540
10.000000
